0 0.833168 0.896573 0.083597 0.204518
0 0.941101 0.565728 0.038341 0.115757
0 0.652732 0.633828 0.027537 0.125808
0 0.379473 0.638509 0.035215 0.121215
0 0.591743 0.542691 0.024865 0.091369
0 0.446176 0.605951 0.051164 0.113360
0 0.258778 0.517385 0.017689 0.099035
0 0.305408 0.452820 0.019144 0.076670
0 0.799377 0.448486 0.025666 0.069079
0 0.677064 0.421289 0.015130 0.069188
0 0.202206 0.491451 0.015572 0.089684
0 0.367799 0.454458 0.017461 0.078215
0 0.614874 0.415485 0.013197 0.058078
0 0.477131 0.440592 0.013443 0.073681
0 0.584266 0.412074 0.011987 0.061171
0 0.549614 0.459862 0.016239 0.075503
0 0.990175 0.443079 0.019235 0.069676
0 0.630047 0.391649 0.012476 0.049678
0 0.348496 0.363264 0.007874 0.040910
0 0.448826 0.556344 0.032831 0.092411
0 0.479378 0.575000 0.035089 0.094625
1 0.504130 0.616293 0.009024 0.015425
