0 0.836789 0.637879 0.028478 0.155275
0 0.392058 0.633596 0.031416 0.164565
0 0.392935 0.486441 0.026717 0.094140
0 0.590004 0.468747 0.021631 0.094095
0 0.489178 0.510703 0.022624 0.102804
0 0.628657 0.518577 0.024719 0.103113
0 0.786837 0.497089 0.016733 0.104880
0 0.991536 0.426995 0.014485 0.075787
0 0.656345 0.443190 0.014794 0.071647
0 0.153424 0.426671 0.017779 0.076586
0 0.698277 0.436718 0.017147 0.080877
0 0.124296 0.439563 0.015487 0.074978
0 0.251409 0.465827 0.018066 0.084191
0 0.461712 0.432622 0.013048 0.069205
0 0.413255 0.407369 0.015088 0.056115
0 0.343045 0.425361 0.015589 0.068827
0 0.292309 0.384246 0.012553 0.058475
0 0.162375 0.388347 0.011140 0.056203
0 0.592018 0.365000 0.010009 0.047962
1 0.532162 0.445060 0.005073 0.011053
