0 0.183434 0.733004 0.034488 0.193860
0 0.973649 0.645264 0.028704 0.153741
0 0.544820 0.675203 0.029812 0.168835
0 0.853077 0.517837 0.030133 0.101108
0 0.509441 0.539905 0.033227 0.117342
0 0.774360 0.449561 0.024656 0.084454
0 0.552798 0.532189 0.033426 0.114738
0 0.042682 0.429119 0.015782 0.074055
0 0.091127 0.440159 0.014848 0.075192
0 0.263486 0.488820 0.020970 0.089914
0 0.340460 0.471527 0.020012 0.083977
0 0.691010 0.482315 0.017905 0.096487
0 0.547749 0.405304 0.018898 0.066862
0 0.272833 0.406899 0.010026 0.067683
0 0.518702 0.455223 0.018702 0.082751
0 0.361127 0.386416 0.009717 0.053303
0 0.711069 0.394831 0.012864 0.057270
0 0.511803 0.369420 0.008380 0.044095
0 0.609145 0.385324 0.010211 0.052014
0 0.480767 0.367261 0.008282 0.023731
0 0.559573 0.368411 0.008105 0.021216
1 0.506480 0.487906 0.005286 0.011334
