0 0.899534 0.520400 0.023619 0.115766
0 0.177849 0.470758 0.021019 0.088110
0 0.094313 0.489597 0.018236 0.099108
0 0.775027 0.525443 0.024958 0.113793
0 0.410023 0.500428 0.024584 0.098788
0 0.606269 0.458767 0.018234 0.087948
0 0.344074 0.443979 0.014683 0.081229
0 0.484548 0.489674 0.032363 0.103868
0 0.426354 0.485690 0.016614 0.096732
0 0.552929 0.418284 0.019610 0.070858
0 0.789226 0.471936 0.011234 0.090903
0 0.475357 0.404348 0.011238 0.065104
0 0.410442 0.445653 0.016067 0.078182
0 0.854709 0.398513 0.017061 0.065676
0 0.536099 0.476331 0.016701 0.087850
0 0.546944 0.481555 0.017021 0.089381
0 0.484720 0.411318 0.016443 0.065160
0 0.426787 0.399314 0.008652 0.063672
0 0.419993 0.391874 0.012161 0.056438
1 0.418303 0.544032 0.008151 0.014028
