0 0.905588 0.746255 0.056488 0.199849
0 0.178958 0.616694 0.041497 0.136835
0 0.543126 0.630063 0.054458 0.148235
0 0.685809 0.507164 0.036658 0.100759
0 0.225170 0.640303 0.042630 0.149224
0 0.122323 0.555194 0.034334 0.113459
0 0.378323 0.549603 0.031607 0.116299
0 0.429991 0.533985 0.036871 0.102167
0 0.922386 0.534097 0.023905 0.108792
0 0.335060 0.467393 0.028384 0.068882
0 0.151385 0.544387 0.030448 0.096000
0 0.572559 0.510375 0.017935 0.107184
0 0.936365 0.462031 0.018702 0.092980
0 0.970991 0.446825 0.014523 0.073309
0 0.567689 0.623113 0.038994 0.119798
0 0.358530 0.468522 0.032210 0.072125
0 0.363704 0.468445 0.021615 0.072337
1 0.435768 0.275620 0.009024 0.015647
