0 0.673120 0.760161 0.055272 0.200161
0 0.974747 0.680973 0.042204 0.176215
0 0.182066 0.558245 0.035654 0.129021
0 0.012770 0.547924 0.024899 0.122699
0 0.736738 0.581299 0.023443 0.136599
0 0.373412 0.489012 0.027384 0.100147
0 0.799082 0.503450 0.020476 0.089078
0 0.674644 0.426883 0.017827 0.083803
0 0.615170 0.441443 0.020809 0.080741
0 0.573146 0.536597 0.025991 0.112239
0 0.404835 0.533607 0.020403 0.114837
0 0.519353 0.407734 0.015545 0.048791
0 0.335805 0.449758 0.013528 0.085641
0 0.560636 0.462677 0.019727 0.091756
0 0.638215 0.391093 0.011692 0.057258
0 0.757161 0.398810 0.010565 0.061564
0 0.022249 0.426996 0.018862 0.069202
0 0.238604 0.401951 0.011201 0.029427
0 0.176304 0.405299 0.011932 0.029442
0 0.063400 0.411323 0.016038 0.029766
