0 0.209578 0.721558 0.047258 0.182789
0 0.678017 0.556784 0.029790 0.125522
0 0.300138 0.563726 0.025251 0.131531
0 0.053563 0.474299 0.023696 0.085708
0 0.278783 0.449051 0.015994 0.074193
0 0.471311 0.478476 0.020681 0.084854
0 0.234319 0.559546 0.022972 0.119107
0 0.753623 0.529524 0.020167 0.108190
0 0.769431 0.502622 0.016834 0.102711
0 0.573866 0.457655 0.015296 0.081908
0 0.504734 0.441538 0.018254 0.070416
0 0.315920 0.447819 0.012001 0.074391
0 0.254367 0.487520 0.028666 0.092143
0 0.776720 0.464812 0.013911 0.087034
0 0.993789 0.439384 0.011994 0.034430
1 0.705525 0.532366 0.008192 0.013511
