0 0.383497 0.822046 0.062683 0.233621
0 0.465207 0.761800 0.038449 0.202992
0 0.956806 0.796759 0.044979 0.209984
0 0.649324 0.574503 0.025164 0.127692
0 0.782348 0.553697 0.026235 0.120860
0 0.045098 0.539339 0.020693 0.116527
0 0.156845 0.513700 0.019814 0.107950
0 0.814838 0.501534 0.018891 0.103988
0 0.825387 0.477757 0.020249 0.098056
0 0.640614 0.398803 0.014350 0.054980
0 0.571893 0.391539 0.013693 0.055108
0 0.778718 0.430571 0.012244 0.067693
0 0.413851 0.453227 0.017449 0.086392
0 0.108711 0.422131 0.011321 0.069393
0 0.407276 0.405076 0.010086 0.050975
