0 0.329929 0.640912 0.029588 0.141626
0 0.957752 0.916383 0.040730 0.165960
0 0.767719 0.599808 0.022509 0.121585
0 0.645673 0.509503 0.029628 0.067682
0 0.276788 0.517727 0.022058 0.084791
0 0.464280 0.478874 0.016379 0.064952
0 0.302639 0.503032 0.017534 0.075914
0 0.413375 0.487319 0.020459 0.065389
0 0.333896 0.503218 0.014007 0.076976
0 0.677294 0.524259 0.016713 0.088115
0 0.579211 0.464479 0.015742 0.053061
0 0.350669 0.472437 0.021391 0.061462
0 0.982286 0.614005 0.025205 0.120793
0 0.557204 0.463123 0.012037 0.048670
1 0.534867 0.484728 0.004725 0.008800
