0 0.541755 0.913554 0.057162 0.170907
0 0.420533 0.536924 0.029972 0.111591
0 0.241062 0.576020 0.027074 0.127113
0 0.944737 0.516538 0.028998 0.108350
0 0.589346 0.564292 0.024606 0.127493
0 0.282406 0.445404 0.018439 0.076837
0 0.453547 0.444030 0.020912 0.078833
0 0.390353 0.414627 0.012500 0.064969
0 0.703991 0.434509 0.023187 0.069215
0 0.614058 0.388352 0.013868 0.054822
0 0.928378 0.398113 0.018740 0.057786
0 0.982263 0.425638 0.027060 0.078425
0 0.004312 0.401464 0.008585 0.060737
0 0.813635 0.404689 0.011973 0.060503
0 0.989809 0.387809 0.011431 0.028363
1 0.469414 0.459869 0.005708 0.009703
