0 0.276735 0.647242 0.037934 0.158086
0 0.135251 0.614116 0.027088 0.147784
0 0.381463 0.580442 0.034526 0.126583
0 0.722518 0.637022 0.034531 0.152084
0 0.519601 0.572994 0.034803 0.134023
0 0.423574 0.449591 0.020276 0.079737
0 0.306184 0.560934 0.024523 0.123086
0 0.652643 0.545834 0.030298 0.112115
0 0.874540 0.456722 0.020065 0.087976
0 0.687848 0.485508 0.026912 0.079900
0 0.248929 0.472356 0.021247 0.091985
0 0.374041 0.448842 0.015772 0.079869
0 0.501460 0.484632 0.021325 0.100518
0 0.389083 0.490497 0.021280 0.093799
0 0.285600 0.413039 0.010752 0.063279
0 0.212883 0.467349 0.021377 0.087351
0 0.227182 0.416085 0.014326 0.063359
0 0.458905 0.397097 0.011928 0.059122
0 0.559397 0.388843 0.012383 0.059453
0 0.554419 0.484689 0.020565 0.098447
0 0.561445 0.433234 0.013315 0.035594
0 0.546937 0.382943 0.013163 0.055156
1 0.668791 0.404213 0.005510 0.009250
