0 0.185059 0.571521 0.037088 0.112973
0 0.024104 0.664816 0.044289 0.149364
0 0.111790 0.509384 0.024282 0.099659
0 0.190432 0.440769 0.025791 0.066291
0 0.440802 0.532887 0.027445 0.094518
0 0.734053 0.484469 0.018895 0.079081
0 0.418359 0.405009 0.014389 0.060093
0 0.240085 0.390846 0.014035 0.050040
0 0.837168 0.392928 0.013440 0.053887
0 0.910190 0.457174 0.018542 0.082154
0 0.905060 0.404350 0.010775 0.056138
0 0.558241 0.475985 0.016878 0.078607
0 0.538059 0.390987 0.015117 0.047267
0 0.935613 0.382144 0.012609 0.047456
0 0.494625 0.439356 0.018989 0.067576
0 0.526814 0.424583 0.018408 0.058424
0 0.568711 0.459032 0.015677 0.062749
0 0.355512 0.374957 0.018950 0.041010
0 0.918257 0.418230 0.012680 0.056057
0 0.583548 0.364536 0.007976 0.032880
0 0.328268 0.348690 0.008706 0.035387
1 0.504560 0.554852 0.008117 0.012791
