0 0.245373 0.591859 0.034217 0.130941
0 0.853353 0.693286 0.049080 0.178294
0 0.724291 0.614477 0.034647 0.137278
0 0.696600 0.482634 0.019393 0.090334
0 0.592610 0.452530 0.021434 0.078090
0 0.259498 0.479660 0.016425 0.086230
0 0.744131 0.522533 0.021752 0.109430
0 0.337114 0.456876 0.027931 0.033368
0 0.425396 0.428796 0.018250 0.067598
0 0.719674 0.495811 0.016357 0.092052
0 0.663282 0.446681 0.017665 0.071856
0 0.965602 0.427604 0.014487 0.069024
0 0.853230 0.452324 0.014359 0.078950
0 0.366969 0.445480 0.016369 0.070043
0 0.523048 0.436362 0.015990 0.058855
0 0.841824 0.434540 0.013494 0.071975
0 0.363335 0.437797 0.011552 0.070349
0 0.858284 0.601027 0.021443 0.085235
0 0.989113 0.438796 0.013665 0.034200
0 0.996567 0.422498 0.006429 0.061252
1 0.774388 0.451428 0.007818 0.010637
