0 0.442297 0.606977 0.028397 0.135967
0 0.303614 0.413367 0.017977 0.058719
0 0.171593 0.437872 0.019688 0.057960
0 0.780607 0.474854 0.020247 0.083902
0 0.429269 0.373817 0.010466 0.045472
0 0.557842 0.417655 0.014410 0.064096
0 0.473695 0.407435 0.014363 0.057527
0 0.734270 0.441567 0.014734 0.068706
0 0.364468 0.365549 0.010963 0.044195
0 0.020862 0.403804 0.015019 0.057437
0 0.569774 0.419873 0.014138 0.056145
0 0.258679 0.363944 0.008637 0.039710
0 0.415960 0.473390 0.015501 0.085128
0 0.622585 0.513933 0.024680 0.089280
0 0.520102 0.361313 0.009473 0.035708
0 0.421539 0.469057 0.010525 0.081430
0 0.627987 0.494319 0.037158 0.081419
0 0.434553 0.547003 0.018256 0.072444
1 0.610170 0.551199 0.007889 0.013945
