0 0.345239 0.741594 0.052119 0.193834
0 0.553118 0.614918 0.037969 0.141167
0 0.296320 0.519030 0.024428 0.103905
0 0.614963 0.482334 0.029629 0.074195
0 0.295470 0.400023 0.018647 0.060940
0 0.683283 0.469793 0.016963 0.081120
0 0.067584 0.415687 0.014858 0.066631
0 0.589252 0.421821 0.012414 0.059776
0 0.275483 0.506614 0.018870 0.098221
0 0.455002 0.427723 0.014541 0.062112
0 0.562086 0.456671 0.025867 0.067665
0 0.462746 0.366671 0.011793 0.047642
0 0.541236 0.391483 0.013739 0.058996
1 0.551936 0.485357 0.006384 0.010568
