0 0.874956 0.540089 0.024616 0.114613
0 0.203322 0.584629 0.024754 0.132532
0 0.798861 0.492562 0.030528 0.097829
0 0.462991 0.486916 0.020489 0.091363
0 0.233030 0.473025 0.022666 0.096851
0 0.726130 0.484378 0.017130 0.090778
0 0.154007 0.449223 0.023509 0.080428
0 0.633920 0.494636 0.024058 0.099332
0 0.608661 0.438032 0.014333 0.077276
0 0.941403 0.449765 0.014737 0.079798
0 0.512681 0.437423 0.015604 0.075215
0 0.543207 0.435797 0.015733 0.073498
0 0.323881 0.445708 0.013225 0.068557
0 0.503512 0.410619 0.008968 0.061636
0 0.437148 0.432658 0.012046 0.072813
0 0.117484 0.417474 0.012830 0.061955
0 0.174668 0.444435 0.013504 0.072941
0 0.172349 0.413146 0.019290 0.060855
0 0.448721 0.397672 0.013720 0.059903
0 0.240189 0.423293 0.023089 0.034139
1 0.035044 0.439378 0.006769 0.011061
