0 0.556105 0.747858 0.048554 0.177657
0 0.309065 0.539215 0.017837 0.091384
0 0.653323 0.578229 0.017332 0.107942
0 0.635416 0.576829 0.017118 0.105056
0 0.933765 0.490696 0.018816 0.078382
0 0.373520 0.497008 0.017330 0.070284
0 0.953108 0.498537 0.015194 0.074115
0 0.818931 0.526476 0.020378 0.087538
0 0.695367 0.506296 0.022667 0.081718
0 0.781633 0.489764 0.012138 0.070815
0 0.387288 0.525491 0.021765 0.091902
0 0.036635 0.498697 0.015359 0.064177
0 0.489982 0.478068 0.021590 0.068017
0 0.286305 0.489328 0.014942 0.070383
0 0.477152 0.489488 0.018625 0.063585
0 0.688845 0.488516 0.012187 0.059758
1 0.465872 0.462672 0.006115 0.011372
