0 0.249855 0.623962 0.033338 0.138486
0 0.631490 0.578818 0.031833 0.130920
0 0.112036 0.504494 0.025960 0.082708
0 0.715656 0.504140 0.026879 0.091105
0 0.043625 0.435395 0.021291 0.067063
0 0.141920 0.440631 0.017696 0.069692
0 0.345158 0.454540 0.015842 0.075892
0 0.514410 0.418628 0.013711 0.059212
0 0.604201 0.413912 0.016451 0.060755
0 0.474442 0.435503 0.017373 0.061747
0 0.393725 0.398718 0.013566 0.057470
0 0.580520 0.371375 0.012590 0.045647
0 0.153709 0.388658 0.010540 0.049836
0 0.921438 0.379661 0.012297 0.050498
0 0.623742 0.392927 0.012359 0.054707
0 0.331360 0.380900 0.010069 0.051036
0 0.557973 0.394794 0.012116 0.049011
0 0.143794 0.390219 0.012027 0.048830
0 0.446606 0.365247 0.010292 0.041477
0 0.556533 0.360740 0.008264 0.032471
0 0.462927 0.349163 0.006665 0.036675
0 0.430871 0.342128 0.006794 0.031576
1 0.606234 0.587725 0.009562 0.015798
