0 0.487796 0.600785 0.029013 0.126076
0 0.076301 0.591497 0.025413 0.124340
0 0.251554 0.531356 0.022564 0.100807
0 0.327377 0.565215 0.022872 0.116528
0 0.646382 0.530872 0.025016 0.101520
0 0.689098 0.448052 0.013330 0.069888
0 0.440849 0.444410 0.014690 0.066131
0 0.271932 0.462247 0.013794 0.076647
0 0.543824 0.500809 0.017480 0.094108
0 0.536590 0.478259 0.016070 0.077393
0 0.041599 0.437852 0.015527 0.064227
0 0.553961 0.424248 0.011990 0.063006
0 0.459211 0.434022 0.010561 0.060584
0 0.299616 0.416369 0.010228 0.057877
0 0.140642 0.429434 0.011185 0.060603
