0 0.844546 0.589956 0.039584 0.129017
0 0.541215 0.495773 0.028730 0.095240
0 0.675423 0.538469 0.018947 0.117897
0 0.989794 0.498795 0.019995 0.105603
0 0.249675 0.475256 0.025980 0.084511
0 0.343882 0.467554 0.017097 0.087562
0 0.125241 0.476611 0.018903 0.090753
0 0.661549 0.428383 0.015077 0.072055
0 0.910279 0.460463 0.018404 0.085135
0 0.568373 0.383823 0.008944 0.052442
0 0.539617 0.423885 0.015923 0.067909
0 0.914515 0.410027 0.013204 0.054497
1 0.207366 0.659761 0.009874 0.017291
0 0.180938 0.497222 0.016875 0.098889
