0 0.607452 0.708040 0.037530 0.188026
0 0.512195 0.563819 0.033032 0.116431
0 0.211601 0.524121 0.027864 0.108939
0 0.792776 0.779878 0.032116 0.210414
0 0.124488 0.527009 0.029395 0.106709
0 0.150673 0.456137 0.028447 0.083571
0 0.736017 0.534097 0.030809 0.111746
0 0.407590 0.458046 0.018630 0.083318
0 0.947474 0.484301 0.018903 0.100337
0 0.712804 0.456636 0.021727 0.077928
0 0.634351 0.483206 0.019410 0.092947
0 0.498118 0.517831 0.024423 0.100176
0 0.857327 0.441344 0.015497 0.078250
0 0.551145 0.432144 0.012070 0.072234
0 0.744698 0.462536 0.016636 0.075377
0 0.248521 0.409697 0.012483 0.060187
0 0.730896 0.451239 0.012590 0.067860
