0 0.636257 0.581263 0.032992 0.117814
0 0.698108 0.564877 0.022164 0.119872
0 0.094229 0.489229 0.027635 0.088790
0 0.267395 0.495081 0.021037 0.090524
0 0.457292 0.448415 0.017069 0.069287
0 0.362128 0.443375 0.017564 0.067805
0 0.144886 0.448255 0.017792 0.066701
0 0.619868 0.479297 0.011959 0.079749
0 0.407385 0.429359 0.009477 0.065188
0 0.384020 0.412143 0.009654 0.052747
0 0.046842 0.408571 0.018880 0.054715
0 0.034055 0.423265 0.019476 0.064051
0 0.068511 0.404703 0.014890 0.058348
0 0.111100 0.409809 0.013986 0.059157
0 0.093027 0.399852 0.012247 0.058202
0 0.101737 0.393213 0.010594 0.049669
0 0.084522 0.397956 0.009677 0.053205
0 0.010777 0.413378 0.018674 0.046621
0 0.075495 0.405129 0.008780 0.051923
1 0.670691 0.599422 0.008371 0.013272
