0 0.639687 0.643188 0.065155 0.137244
0 0.701068 0.608810 0.042379 0.116832
0 0.585232 0.581699 0.040369 0.116570
0 0.865231 0.535899 0.035383 0.098409
0 0.347403 0.672839 0.023566 0.168290
0 0.560257 0.585015 0.032363 0.114021
0 0.451328 0.429729 0.018432 0.060091
0 0.618901 0.464276 0.018084 0.073931
0 0.500976 0.456455 0.016958 0.072747
0 0.456784 0.495920 0.019144 0.092966
0 0.401643 0.431032 0.015571 0.065062
0 0.093896 0.388085 0.011096 0.048526
0 0.085905 0.402884 0.013791 0.052910
0 0.642884 0.412997 0.010690 0.055797
0 0.959975 0.440797 0.014969 0.056855
0 0.077018 0.388049 0.008615 0.043223
0 0.306298 0.364175 0.006765 0.037718
0 0.064477 0.348047 0.007337 0.031995
0 0.108862 0.342723 0.007239 0.026678
0 0.052919 0.344487 0.007587 0.028028
0 0.127971 0.345920 0.008394 0.028002
1 0.635713 0.644737 0.007186 0.023085
