0 0.541758 0.742940 0.039886 0.186438
0 0.609426 0.499430 0.037533 0.096756
0 0.884406 0.593812 0.030382 0.135993
0 0.326325 0.513033 0.024951 0.101393
0 0.872961 0.562036 0.036886 0.122344
0 0.711991 0.480056 0.018261 0.089054
0 0.412010 0.439473 0.017506 0.077985
0 0.791923 0.445132 0.013993 0.071606
0 0.671120 0.446984 0.009619 0.067264
0 0.877153 0.329977 0.005214 0.025800
0 0.844820 0.337543 0.008358 0.034536
0 0.853745 0.330426 0.006747 0.028052
0 0.987750 0.340948 0.007771 0.031651
0 0.962700 0.337435 0.009477 0.032110
0 0.929029 0.327085 0.009923 0.028096
0 0.830643 0.338075 0.007358 0.027403
1 0.473926 0.479463 0.006023 0.010199
