0 0.765937 0.737597 0.045296 0.156624
0 0.650944 0.632069 0.030123 0.128685
0 0.015874 0.603972 0.031749 0.125113
0 0.057607 0.551803 0.025414 0.103816
0 0.724235 0.540676 0.033969 0.095928
0 0.560035 0.470156 0.023738 0.060842
0 0.465156 0.494646 0.026357 0.072644
0 0.199784 0.509496 0.024664 0.081535
0 0.166211 0.439941 0.012800 0.058044
0 0.412100 0.412217 0.008836 0.048171
0 0.950950 0.481062 0.012423 0.073531
0 0.297057 0.394466 0.011193 0.044110
0 0.716015 0.496005 0.017262 0.081556
0 0.850158 0.432410 0.013173 0.050651
0 0.269544 0.393216 0.007063 0.042359
0 0.281849 0.373460 0.006496 0.032363
0 0.056156 0.412911 0.012853 0.046268
0 0.006723 0.845419 0.013364 0.131107
0 0.013943 0.555425 0.027810 0.090716
0 0.542482 0.393223 0.007644 0.042311
0 0.185638 0.383548 0.006847 0.038811
0 0.061189 0.407167 0.013454 0.043040
0 0.167721 0.369213 0.007120 0.032697
0 0.331217 0.367906 0.007167 0.029770
0 0.419127 0.364029 0.005894 0.026731
0 0.312537 0.362902 0.005924 0.019944
0 0.431163 0.374160 0.007833 0.028553
0 0.347556 0.359272 0.005797 0.022471
0 0.193185 0.377929 0.008255 0.033077
1 0.573219 0.492519 0.004864 0.011708
