0 0.095316 0.732357 0.060023 0.198536
0 0.102559 0.553004 0.035319 0.118681
0 0.625873 0.777934 0.044413 0.217227
0 0.148582 0.560492 0.036582 0.126660
0 0.617166 0.576015 0.053359 0.128012
0 0.415974 0.520077 0.025058 0.107295
0 0.833851 0.485916 0.020254 0.106859
0 0.322741 0.449307 0.020971 0.079579
0 0.674166 0.473474 0.026637 0.094100
0 0.476342 0.432854 0.015856 0.067107
0 0.778401 0.318032 0.008637 0.026826
0 0.547310 0.323585 0.006315 0.028232
0 0.539594 0.318554 0.005215 0.028446
0 0.641005 0.317130 0.005950 0.023446
0 0.691011 0.317061 0.005901 0.029017
0 0.559906 0.322401 0.005727 0.027027
0 0.657101 0.319441 0.005720 0.028156
0 0.645975 0.312292 0.005758 0.016019
0 0.597465 0.521989 0.030632 0.086265
0 0.591433 0.320093 0.006498 0.025836
0 0.736979 0.311798 0.005883 0.026893
0 0.575928 0.319040 0.006999 0.028558
0 0.530325 0.322940 0.006507 0.023373
0 0.853902 0.310607 0.005888 0.025271
