0 0.450031 0.543386 0.029832 0.102302
0 0.548571 0.550158 0.022815 0.096944
0 0.719521 0.462786 0.015425 0.052229
0 0.642427 0.463953 0.016903 0.058420
0 0.219846 0.429687 0.011901 0.052331
0 0.526581 0.481654 0.012182 0.071722
0 0.803788 0.511748 0.016523 0.081614
0 0.825811 0.466348 0.011806 0.064351
0 0.125160 0.412003 0.013480 0.044526
0 0.776678 0.485833 0.018733 0.074643
0 0.115300 0.429224 0.008702 0.050009
0 0.007745 0.416115 0.009610 0.037279
0 0.589676 0.438129 0.009815 0.048465
0 0.473065 0.403562 0.006727 0.038856
0 0.877532 0.496406 0.014449 0.074546
0 0.317978 0.375292 0.006840 0.025812
0 0.792751 0.474212 0.011274 0.066349
0 0.781914 0.522375 0.019287 0.076024
0 0.020563 0.391500 0.010100 0.023898
0 0.955915 0.480304 0.014087 0.040596
1 0.597698 0.459032 0.004116 0.007113
