0 0.281068 0.724074 0.046109 0.181086
0 0.166046 0.520650 0.027531 0.106239
0 0.622438 0.518649 0.016817 0.105064
0 0.180518 0.464716 0.019009 0.081585
0 0.567007 0.325816 0.006685 0.029708
0 0.956192 0.355336 0.010270 0.049233
0 0.444180 0.325604 0.005702 0.026414
0 0.835679 0.317544 0.006028 0.028862
0 0.860726 0.322078 0.008639 0.032557
0 0.944198 0.353625 0.010911 0.048009
0 0.599690 0.321600 0.007263 0.025348
0 0.847852 0.324249 0.008635 0.023652
0 0.824052 0.316473 0.008076 0.034037
1 0.320852 0.831907 0.015745 0.027251
