0 0.219178 0.560407 0.038858 0.115274
0 0.617460 0.534147 0.034556 0.119927
0 0.259873 0.592250 0.026089 0.118579
0 0.019149 0.516165 0.025916 0.098625
0 0.684106 0.457861 0.022493 0.085681
0 0.429761 0.482696 0.022978 0.091310
0 0.267651 0.428049 0.020769 0.053583
0 0.631791 0.437536 0.017564 0.069724
0 0.329498 0.461250 0.015557 0.074943
0 0.488005 0.417308 0.019255 0.070926
0 0.502822 0.412716 0.018617 0.056701
0 0.353144 0.438394 0.015121 0.075527
0 0.636573 0.320628 0.010404 0.026958
0 0.666592 0.321654 0.006293 0.028098
0 0.015948 0.455367 0.017441 0.059728
0 0.682982 0.313858 0.005625 0.026284
0 0.697756 0.318183 0.006218 0.029598
0 0.806720 0.314919 0.007238 0.030212
0 0.594051 0.320898 0.009106 0.031150
0 0.549110 0.321340 0.006066 0.023974
0 0.530076 0.321647 0.005253 0.024265
0 0.533472 0.314628 0.005303 0.023090
0 0.504106 0.325478 0.006511 0.024917
0 0.513915 0.322227 0.004485 0.027078
1 0.562566 0.457694 0.006975 0.009754
