0 0.783225 0.493449 0.030243 0.105068
0 0.661378 0.607050 0.039977 0.148384
0 0.026710 0.536997 0.028429 0.114642
0 0.522229 0.525404 0.030907 0.110926
0 0.385367 0.451946 0.020092 0.069344
0 0.631116 0.433135 0.021466 0.072663
0 0.429428 0.435017 0.016122 0.066648
0 0.527252 0.448139 0.017878 0.073643
0 0.501679 0.319062 0.005480 0.026552
0 0.520842 0.315580 0.004698 0.023568
0 0.462350 0.319135 0.006115 0.018119
0 0.510407 0.322525 0.004897 0.021978
0 0.019049 0.477680 0.013019 0.041276
0 0.451316 0.322479 0.006228 0.021401
0 0.561137 0.320951 0.005965 0.026255
0 0.728182 0.312618 0.005865 0.025772
0 0.526966 0.329067 0.007943 0.029592
0 0.474235 0.311615 0.005543 0.023113
0 0.528063 0.327637 0.006206 0.027700
0 0.628494 0.311547 0.005458 0.023608
0 0.556819 0.320243 0.005192 0.026741
1 0.426080 0.485991 0.007101 0.011057
