0 0.347840 0.655049 0.031727 0.141714
0 0.366253 0.621681 0.028067 0.133399
0 0.800504 0.550022 0.022664 0.097907
0 0.277882 0.504697 0.021266 0.076221
0 0.967531 0.544028 0.028446 0.100148
0 0.352959 0.428707 0.013060 0.049728
0 0.978954 0.510616 0.019165 0.077635
0 0.231618 0.421662 0.009232 0.048204
0 0.961905 0.451721 0.014222 0.060803
0 0.577728 0.430962 0.008789 0.049690
0 0.218305 0.416883 0.009857 0.054111
0 0.663412 0.408468 0.007964 0.043272
0 0.607842 0.401084 0.009056 0.042739
0 0.209226 0.422089 0.011903 0.051176
0 0.729327 0.422334 0.010867 0.048908
0 0.244055 0.376946 0.006281 0.029396
0 0.809442 0.414012 0.009203 0.043304
0 0.203255 0.419428 0.006854 0.045695
0 0.180744 0.382009 0.006698 0.032136
0 0.799628 0.429155 0.008197 0.049461
0 0.269009 0.376927 0.006352 0.026127
0 0.305666 0.377019 0.007850 0.030722
0 0.467909 0.374690 0.008509 0.026352
0 0.711724 0.403140 0.011654 0.043016
0 0.632604 0.377275 0.006407 0.027682
0 0.204362 0.382755 0.006251 0.029084
0 0.540780 0.385773 0.006867 0.031684
0 0.437286 0.384376 0.007201 0.031960
1 0.321110 0.527648 0.005490 0.009007
