0 0.554723 0.444188 0.019760 0.077441
0 0.116670 0.503891 0.023516 0.103960
0 0.137279 0.511134 0.026920 0.100984
0 0.008555 0.490125 0.017036 0.105825
0 0.183555 0.409079 0.018128 0.061393
0 0.035916 0.428123 0.015785 0.068130
0 0.813978 0.451238 0.013952 0.078879
0 0.057995 0.426668 0.015966 0.073858
0 0.029799 0.499694 0.032298 0.099054
0 0.054287 0.494486 0.027781 0.087476
0 0.692491 0.415400 0.014107 0.055767
0 0.165556 0.363978 0.006767 0.050271
0 0.171287 0.373179 0.011677 0.054957
0 0.178967 0.368189 0.008586 0.039062
1 0.529559 0.481665 0.005408 0.011049
