0 0.854877 0.847697 0.087173 0.268023
0 0.379195 0.862203 0.070408 0.235932
0 0.377842 0.530562 0.031724 0.109444
0 0.458314 0.630781 0.040585 0.159310
0 0.828258 0.551287 0.028841 0.124075
0 0.793799 0.512421 0.021190 0.109204
0 0.154795 0.506283 0.019259 0.091676
0 0.734730 0.469735 0.019711 0.086192
0 0.674091 0.464803 0.017837 0.081329
0 0.480838 0.468794 0.019336 0.086681
0 0.250182 0.438607 0.017008 0.071342
0 0.984323 0.329573 0.012292 0.034697
0 0.483635 0.418778 0.016036 0.046872
0 0.790265 0.338395 0.008050 0.033449
0 0.850669 0.331560 0.006800 0.027337
0 0.837811 0.329884 0.009657 0.031508
0 0.864171 0.323538 0.008583 0.025692
0 0.811057 0.326427 0.007581 0.038203
0 0.933345 0.329974 0.007821 0.026987
0 0.813571 0.330653 0.006965 0.032320
