0 0.357443 0.544859 0.033288 0.104443
0 0.177683 0.676219 0.025570 0.156000
0 0.728854 0.584096 0.024691 0.107099
0 0.680864 0.552578 0.020629 0.105837
0 0.633165 0.491868 0.017302 0.077806
0 0.567190 0.542708 0.025897 0.098541
0 0.525181 0.577204 0.022078 0.111579
0 0.602561 0.460564 0.014242 0.064918
0 0.735047 0.453820 0.012229 0.066134
0 0.551812 0.479288 0.014139 0.069581
0 0.432466 0.459096 0.014064 0.064062
0 0.189533 0.405915 0.012625 0.050596
0 0.616639 0.443415 0.012454 0.061532
0 0.425503 0.485523 0.016816 0.070789
0 0.006708 0.406286 0.012508 0.042296
0 0.200515 0.386892 0.007460 0.036739
0 0.112135 0.416223 0.009206 0.049805
0 0.125660 0.403384 0.013996 0.035483
0 0.156746 0.396891 0.009663 0.045016
0 0.105104 0.417915 0.010249 0.052719
0 0.380474 0.386881 0.007009 0.040270
0 0.094684 0.372952 0.007701 0.028164
0 0.212553 0.364029 0.006269 0.029751
0 0.160579 0.381299 0.007898 0.033393
1 0.556875 0.462778 0.006250 0.007778
