0 0.278942 0.628288 0.033669 0.112165
0 0.548266 0.579048 0.029181 0.114222
0 0.086868 0.558819 0.038453 0.120388
0 0.785918 0.498152 0.023550 0.088537
0 0.233350 0.534683 0.024511 0.099852
0 0.873873 0.524684 0.023033 0.106156
0 0.206088 0.418926 0.016357 0.062082
0 0.431873 0.485814 0.016985 0.079327
0 0.635910 0.399324 0.012478 0.053507
0 0.913712 0.387567 0.013698 0.050447
0 0.576243 0.374610 0.010339 0.041850
0 0.546047 0.387789 0.011638 0.046097
0 0.602032 0.372702 0.010641 0.039324
0 0.779983 0.393134 0.009669 0.049243
0 0.788881 0.387106 0.009896 0.042845
0 0.816727 0.362989 0.008043 0.037225
0 0.978562 0.380873 0.011240 0.043023
0 0.462228 0.369876 0.010756 0.046126
0 0.642177 0.374622 0.008142 0.040693
0 0.647615 0.365600 0.008442 0.032295
0 0.800466 0.345955 0.008052 0.028544
0 0.655023 0.334095 0.005076 0.024123
0 0.288047 0.367261 0.006139 0.036182
0 0.425639 0.334643 0.006567 0.024560
0 0.709750 0.337470 0.005769 0.024172
1 0.067209 0.457515 0.005905 0.008782
