0 0.664483 0.720856 0.066284 0.167510
0 0.962620 0.645882 0.039682 0.151105
0 0.850870 0.510954 0.023389 0.088068
0 0.333451 0.521643 0.027665 0.089162
0 0.963462 0.408641 0.018409 0.055278
0 0.965408 0.491893 0.029960 0.081954
0 0.591945 0.376820 0.011605 0.045027
0 0.716263 0.397353 0.010193 0.048869
0 0.874914 0.378010 0.012833 0.045068
0 0.495882 0.367936 0.009000 0.036266
0 0.778948 0.370315 0.011865 0.036297
0 0.459118 0.359093 0.008420 0.032494
0 0.469276 0.368370 0.010164 0.037678
0 0.516966 0.360092 0.007770 0.035112
0 0.953024 0.611637 0.022112 0.113973
0 0.545237 0.357286 0.007524 0.032838
0 0.632266 0.366655 0.007503 0.033061
0 0.620129 0.592857 0.031397 0.097067
0 0.624202 0.526626 0.017031 0.056583
0 0.654661 0.335771 0.005039 0.023255
0 0.669446 0.342217 0.004919 0.023404
0 0.435371 0.369076 0.009715 0.041343
0 0.754906 0.335086 0.004639 0.022433
0 0.228679 0.410749 0.011238 0.053804
0 0.827478 0.340262 0.006317 0.026650
0 0.694687 0.335332 0.007885 0.020856
0 0.908718 0.351787 0.006373 0.025593
0 0.627221 0.592696 0.045980 0.097275
0 0.797813 0.334451 0.005421 0.020887
0 0.632736 0.544676 0.034753 0.093249
1 0.381885 0.643455 0.010406 0.017760
