0 0.599288 0.456764 0.010149 0.062046
0 0.609020 0.454106 0.012390 0.055460
0 0.855041 0.444432 0.011889 0.058754
0 0.972474 0.485763 0.016425 0.079386
0 0.729132 0.415589 0.009225 0.044856
0 0.994238 0.489867 0.011093 0.078805
0 0.155341 0.385946 0.006729 0.028514
0 0.070503 0.386655 0.008452 0.033526
0 0.107432 0.383874 0.008242 0.031461
0 0.242981 0.371494 0.007915 0.024745
0 0.482007 0.371567 0.005727 0.025823
0 0.287118 0.377593 0.006745 0.033303
0 0.982774 0.483287 0.011964 0.071165
0 0.958249 0.473114 0.014902 0.071616
0 0.322265 0.372734 0.005225 0.027594
0 0.876573 0.452022 0.016451 0.026587
1 0.774418 0.529990 0.006383 0.011216
