0 0.013981 0.581070 0.027905 0.123954
0 0.598785 0.584798 0.031276 0.098298
0 0.548223 0.648141 0.040691 0.140662
0 0.218709 0.500799 0.022467 0.082333
0 0.907357 0.517460 0.040738 0.088701
0 0.850695 0.487105 0.025971 0.088141
0 0.196156 0.443257 0.020413 0.071487
0 0.500475 0.480131 0.020839 0.077086
0 0.304762 0.443373 0.014150 0.069835
0 0.495333 0.429305 0.016151 0.062761
0 0.185957 0.386884 0.010277 0.047977
0 0.898238 0.445228 0.015615 0.071392
0 0.203057 0.385396 0.011960 0.044021
0 0.287904 0.391363 0.008180 0.048702
0 0.373873 0.371638 0.011945 0.038826
0 0.169985 0.378732 0.012628 0.044870
0 0.003769 0.377162 0.007476 0.041478
0 0.561833 0.360665 0.007368 0.034304
0 0.159367 0.370647 0.009451 0.038060
0 0.378717 0.364426 0.006513 0.039214
0 0.072706 0.351360 0.008107 0.036880
0 0.241121 0.343045 0.005611 0.025718
0 0.037251 0.345816 0.012455 0.044021
0 0.225995 0.341338 0.007180 0.027769
0 0.057680 0.343804 0.007691 0.032628
1 0.554322 0.693749 0.010042 0.019400
