0 0.418538 0.651589 0.036455 0.132356
0 0.360384 0.555920 0.023564 0.105263
0 0.220989 0.504427 0.015970 0.079475
0 0.010849 0.459997 0.021670 0.062865
0 0.609798 0.534159 0.017237 0.091065
0 0.545749 0.460556 0.015685 0.061778
0 0.403182 0.456876 0.013024 0.061911
0 0.453841 0.483301 0.017621 0.032832
0 0.581826 0.474971 0.010786 0.070544
0 0.593354 0.454194 0.012952 0.062937
0 0.228087 0.405887 0.010018 0.043432
0 0.486781 0.459521 0.012906 0.060770
0 0.383725 0.411309 0.009317 0.037004
0 0.048900 0.384220 0.009993 0.031610
0 0.395981 0.450988 0.008896 0.054626
0 0.157084 0.388486 0.006861 0.028180
1 0.030220 0.428696 0.005081 0.006803
