0 0.672460 0.849688 0.054653 0.131543
0 0.201407 0.522637 0.017574 0.099051
0 0.099988 0.605361 0.043065 0.122649
0 0.138043 0.550666 0.023723 0.117422
0 0.153758 0.514645 0.019952 0.098286
0 0.421693 0.431213 0.018433 0.063743
0 0.055781 0.512440 0.019553 0.095277
0 0.556301 0.438151 0.012482 0.065573
0 0.611844 0.415224 0.009941 0.057472
0 0.568461 0.447328 0.011194 0.068326
0 0.569902 0.397407 0.009865 0.047420
0 0.395837 0.396956 0.010372 0.047266
0 0.495093 0.421622 0.014897 0.065992
0 0.090082 0.524991 0.014640 0.069576
0 0.337440 0.366520 0.010104 0.041339
0 0.471892 0.391233 0.008771 0.048446
0 0.499932 0.445401 0.010076 0.064939
0 0.508707 0.403312 0.010605 0.053893
0 0.639470 0.429952 0.013610 0.063654
0 0.315122 0.371574 0.008351 0.039729
0 0.485825 0.418525 0.008533 0.055441
0 0.479096 0.379516 0.008242 0.038269
1 0.552330 0.468303 0.005965 0.009349
