0 0.645164 0.807015 0.056265 0.232778
0 0.848223 0.616233 0.038761 0.156330
0 0.439928 0.604028 0.036325 0.157261
0 0.788040 0.479154 0.021784 0.103449
0 0.055599 0.518886 0.031225 0.099677
0 0.818429 0.491668 0.025400 0.108479
0 0.396988 0.424483 0.017573 0.069941
0 0.509159 0.505988 0.028492 0.080530
0 0.491322 0.473249 0.022756 0.085837
0 0.615556 0.432877 0.015268 0.072614
0 0.628435 0.442568 0.015080 0.086346
0 0.522044 0.468977 0.012536 0.051793
0 0.502645 0.323797 0.007116 0.031958
0 0.516337 0.312499 0.004621 0.025095
0 0.631367 0.309525 0.006401 0.021682
0 0.545611 0.316821 0.006860 0.029949
0 0.754306 0.311899 0.007242 0.029035
0 0.596851 0.322590 0.006529 0.029096
0 0.581600 0.325072 0.006109 0.030801
0 0.586481 0.315602 0.005390 0.021496
0 0.645270 0.313944 0.005000 0.025993
0 0.002006 0.504954 0.003953 0.049328
0 0.454910 0.319188 0.005872 0.024928
0 0.498516 0.316539 0.004540 0.022385
1 0.494584 0.533430 0.008110 0.013281
