0 0.865226 0.698760 0.049387 0.186553
0 0.970773 0.519022 0.034922 0.108503
0 0.510923 0.485209 0.022187 0.082745
0 0.340035 0.528615 0.021639 0.093292
0 0.880944 0.529387 0.023693 0.113657
0 0.408901 0.523943 0.020028 0.103625
0 0.760162 0.430857 0.015941 0.069364
0 0.648762 0.467321 0.020121 0.075417
0 0.265294 0.451101 0.013003 0.076480
0 0.642387 0.443216 0.017557 0.072512
0 0.743388 0.444751 0.017084 0.075528
0 0.547906 0.443744 0.013984 0.066508
0 0.535911 0.430135 0.010555 0.062666
1 0.283357 0.488181 0.006023 0.010595
