0 0.655628 0.800130 0.052809 0.236054
0 0.451078 0.674390 0.045535 0.187696
0 0.012814 0.556913 0.025566 0.116481
0 0.818854 0.547037 0.035824 0.130768
0 0.544205 0.509526 0.032818 0.106975
0 0.594692 0.539242 0.027989 0.136771
0 0.496951 0.464452 0.025544 0.093129
0 0.380818 0.537617 0.024538 0.118485
0 0.474322 0.440519 0.017854 0.082450
0 0.801467 0.463078 0.020530 0.101136
0 0.705743 0.448321 0.014100 0.094321
0 0.082821 0.335305 0.008629 0.033385
0 0.199081 0.333139 0.008756 0.035538
0 0.106891 0.327351 0.008145 0.029930
0 0.151240 0.324685 0.007728 0.027268
0 0.205733 0.327061 0.007069 0.024855
0 0.179496 0.322028 0.009123 0.031829
0 0.294140 0.310870 0.007255 0.025352
0 0.185664 0.313892 0.006180 0.023953
0 0.125893 0.316449 0.005585 0.028003
0 0.133887 0.327898 0.007989 0.031682
1 0.550625 0.530556 0.008750 0.023333
