0 0.724350 0.619412 0.044022 0.156180
0 0.709622 0.877469 0.061869 0.234218
0 0.942948 0.483787 0.022206 0.099041
0 0.435438 0.474926 0.025884 0.079005
0 0.386846 0.458132 0.016986 0.059532
0 0.968724 0.895076 0.048009 0.203851
0 0.411665 0.459143 0.027667 0.069029
0 0.273411 0.440243 0.015006 0.049511
0 0.791169 0.327699 0.006336 0.022694
0 0.742577 0.325504 0.006975 0.030657
0 0.857107 0.321521 0.006582 0.025264
0 0.970096 0.344129 0.010670 0.040335
0 0.420769 0.418847 0.010083 0.047852
0 0.821807 0.323688 0.006502 0.027039
0 0.773883 0.327767 0.008061 0.024004
0 0.826087 0.321012 0.005806 0.030469
0 0.975607 0.333245 0.006747 0.025229
1 0.400000 0.488333 0.010000 0.021111
