0 0.620349 0.677232 0.078052 0.137629
0 0.160648 0.620770 0.040334 0.139067
0 0.714734 0.515616 0.024755 0.107491
0 0.479196 0.548486 0.026514 0.101568
0 0.761589 0.510560 0.025104 0.099550
0 0.190419 0.529687 0.025926 0.112557
0 0.807262 0.505948 0.018337 0.102519
0 0.303793 0.438427 0.017717 0.070737
0 0.377670 0.558268 0.028023 0.094596
0 0.127920 0.680832 0.036192 0.136464
0 0.738367 0.959648 0.040440 0.080676
0 0.358522 0.460767 0.022263 0.074256
0 0.917071 0.340172 0.008244 0.036352
0 0.903613 0.328095 0.007051 0.028605
0 0.987750 0.337217 0.008585 0.036643
0 0.888115 0.337488 0.009337 0.030916
1 0.510725 0.786062 0.014903 0.025671
