0 0.983778 0.604686 0.032074 0.121953
0 0.580090 0.780942 0.032324 0.197753
0 0.476390 0.551315 0.021273 0.105608
0 0.712670 0.470989 0.023139 0.066909
0 0.080391 0.483919 0.022810 0.077164
0 0.696116 0.491092 0.020925 0.077712
0 0.239311 0.433694 0.011912 0.051101
0 0.454480 0.406517 0.009535 0.044338
0 0.671026 0.455002 0.011961 0.062483
0 0.472941 0.427971 0.017441 0.050076
0 0.558269 0.475458 0.016383 0.059161
0 0.874126 0.477101 0.016093 0.071157
0 0.161562 0.430955 0.014585 0.045621
0 0.326053 0.448558 0.011075 0.057230
0 0.859266 0.466293 0.018417 0.062997
0 0.106439 0.451071 0.012508 0.061455
0 0.377771 0.424145 0.011370 0.050648
0 0.090991 0.436158 0.016034 0.056353
0 0.665309 0.403776 0.007643 0.041440
0 0.327595 0.410791 0.008177 0.040044
0 0.277299 0.386635 0.008496 0.035218
0 0.080269 0.418152 0.011637 0.048403
0 0.314299 0.371851 0.005625 0.023787
0 0.099662 0.409853 0.010776 0.039588
0 0.260457 0.378925 0.008492 0.026418
0 0.426655 0.375184 0.008342 0.026584
0 0.557079 0.380422 0.009288 0.037332
0 0.435256 0.373161 0.004613 0.024389
0 0.323994 0.375705 0.006950 0.033557
0 0.412638 0.371942 0.006918 0.024419
1 0.838375 0.454449 0.005741 0.007169
