0 0.642050 0.800753 0.045907 0.231679
0 0.087835 0.578529 0.034812 0.139219
0 0.595167 0.581358 0.035257 0.146245
0 0.383697 0.548445 0.034342 0.139967
0 0.520941 0.501355 0.031916 0.114447
0 0.663007 0.681256 0.053167 0.190212
0 0.591577 0.458131 0.024431 0.098198
0 0.449062 0.595740 0.027174 0.161102
0 0.371887 0.452737 0.022125 0.095770
0 0.521154 0.436573 0.022618 0.058224
0 0.081994 0.324089 0.008829 0.030868
0 0.065121 0.327940 0.007619 0.033276
0 0.088616 0.314544 0.007267 0.024411
0 0.362150 0.449462 0.009813 0.082501
1 0.611932 0.718664 0.012581 0.023025
