0 0.666069 0.676591 0.046667 0.172100
0 0.534840 0.527928 0.034440 0.115984
0 0.171153 0.522272 0.024417 0.118516
0 0.356533 0.472069 0.021194 0.095100
0 0.892949 0.521492 0.026600 0.109114
0 0.694606 0.434884 0.014322 0.071969
0 0.506280 0.434961 0.025469 0.068607
0 0.315567 0.434929 0.017089 0.062938
0 0.556166 0.425276 0.014299 0.064940
0 0.883556 0.450149 0.023874 0.071120
0 0.738563 0.359836 0.016718 0.045379
0 0.822179 0.362506 0.009051 0.046690
0 0.937335 0.376273 0.013598 0.050932
0 0.959179 0.362156 0.013909 0.046163
0 0.657798 0.360019 0.008485 0.045295
0 0.796475 0.344216 0.009721 0.034212
0 0.224112 0.446087 0.015407 0.072800
0 0.779768 0.343802 0.008324 0.037436
0 0.633122 0.349561 0.008770 0.038765
0 0.695790 0.335562 0.007114 0.041156
0 0.710332 0.337090 0.009173 0.038026
1 0.419356 0.453738 0.005933 0.009037
