0 0.399632 0.498773 0.026887 0.090484
0 0.710226 0.408916 0.011472 0.054130
0 0.679013 0.379837 0.010431 0.045091
0 0.777035 0.429992 0.014761 0.067052
0 0.511298 0.420227 0.018360 0.030193
0 0.865876 0.436067 0.014279 0.067953
0 0.566509 0.355342 0.006455 0.031476
0 0.874471 0.421451 0.012297 0.057644
0 0.669213 0.378830 0.008525 0.044127
0 0.810721 0.409321 0.008033 0.050430
0 0.883412 0.417158 0.009758 0.057356
0 0.217764 0.342216 0.007117 0.029461
0 0.846637 0.434939 0.013665 0.060559
0 0.816350 0.412714 0.010550 0.058790
0 0.823874 0.420114 0.012529 0.046283
0 0.838101 0.427333 0.010585 0.053143
0 0.210748 0.342311 0.006832 0.027805
0 0.761893 0.399928 0.012656 0.022989
0 0.853552 0.415545 0.007985 0.035652
1 0.392007 0.539336 0.007345 0.012364
