0 0.973243 0.619261 0.053115 0.163469
0 0.611969 0.690945 0.046294 0.136071
0 0.302746 0.551788 0.023394 0.121126
0 0.226675 0.471810 0.021018 0.088538
0 0.566324 0.580998 0.030844 0.126063
0 0.988570 0.482981 0.022471 0.111039
0 0.607354 0.549997 0.022790 0.103682
0 0.899993 0.425983 0.019333 0.082640
0 0.618491 0.454289 0.022137 0.090058
0 0.561991 0.484505 0.024695 0.091255
0 0.681046 0.307070 0.006206 0.025175
0 0.634870 0.317389 0.005948 0.029193
0 0.689432 0.313642 0.007608 0.028388
0 0.369222 0.320357 0.005456 0.026222
0 0.590307 0.323655 0.006723 0.029819
0 0.544165 0.314149 0.005335 0.018122
0 0.535099 0.320051 0.004785 0.024882
1 0.465580 0.843676 0.015900 0.028808
