0 0.542624 0.589015 0.038207 0.121140
0 0.856086 0.637503 0.037385 0.139080
0 0.451722 0.677348 0.037752 0.161811
0 0.060948 0.587977 0.033242 0.107253
0 0.425118 0.792937 0.036492 0.195325
0 0.723455 0.514229 0.032786 0.084059
0 0.104491 0.394494 0.017177 0.047759
0 0.656004 0.459379 0.013723 0.069885
0 0.259636 0.384782 0.015312 0.043724
0 0.054273 0.403480 0.013920 0.058348
0 0.416550 0.360299 0.008478 0.041687
0 0.197436 0.372383 0.012799 0.044804
0 0.442729 0.368803 0.008834 0.039266
0 0.008848 0.396071 0.017293 0.044469
0 0.054260 0.372828 0.009601 0.024737
0 0.470524 0.330923 0.004220 0.020695
0 0.687134 0.360594 0.006315 0.035566
0 0.487794 0.329830 0.005381 0.024762
0 0.533331 0.331123 0.004699 0.022214
1 0.687919 0.523634 0.009127 0.015460
