0 0.638932 0.664677 0.066626 0.180735
0 0.123311 0.659346 0.069976 0.178474
0 0.564095 0.492910 0.022712 0.111603
0 0.778221 0.486305 0.023929 0.105655
0 0.251446 0.480286 0.025391 0.094987
0 0.157939 0.503005 0.022416 0.096660
0 0.249956 0.323324 0.008247 0.025400
0 0.334737 0.309870 0.005627 0.023771
0 0.373859 0.305875 0.005477 0.024191
0 0.187599 0.315355 0.006670 0.026056
0 0.306737 0.311504 0.006149 0.025458
0 0.290552 0.317546 0.009597 0.035788
0 0.313004 0.321456 0.006890 0.028112
0 0.074597 0.329933 0.009681 0.033878
0 0.261813 0.312668 0.006263 0.018394
0 0.231815 0.319467 0.006408 0.018102
0 0.281103 0.310884 0.004742 0.018133
