0 0.192002 0.640369 0.053248 0.142037
0 0.681930 0.834110 0.055791 0.213114
0 0.674921 0.535574 0.044992 0.112252
0 0.359968 0.615856 0.034103 0.127356
0 0.934340 0.604547 0.026785 0.143249
0 0.500980 0.541376 0.028201 0.105919
0 0.258913 0.487344 0.021372 0.092563
0 0.404844 0.497519 0.019333 0.090160
0 0.975915 0.518567 0.025622 0.101416
0 0.558845 0.447053 0.021948 0.070022
0 0.235717 0.488976 0.013726 0.090015
0 0.076590 0.387729 0.010304 0.051367
0 0.441620 0.401070 0.012463 0.055697
0 0.380685 0.376791 0.011857 0.045350
0 0.531526 0.373491 0.012045 0.046470
0 0.753884 0.386435 0.009874 0.046404
0 0.549137 0.365054 0.007132 0.039904
0 0.434372 0.359135 0.008557 0.042710
0 0.711505 0.373580 0.012068 0.044577
0 0.563285 0.357009 0.008150 0.034812
0 0.792220 0.372199 0.008807 0.038678
0 0.729129 0.375903 0.010785 0.038217
0 0.768177 0.390368 0.014392 0.046900
0 0.686925 0.361821 0.010125 0.033474
0 0.669460 0.358217 0.009808 0.036640
0 0.233495 0.339998 0.009000 0.035164
0 0.388464 0.335063 0.006820 0.030551
0 0.242266 0.339767 0.007784 0.032664
0 0.326853 0.341132 0.007172 0.032821
0 0.260094 0.333245 0.006632 0.028888
0 0.594306 0.332546 0.005558 0.028703
0 0.317042 0.330326 0.005024 0.026367
1 0.515790 0.479171 0.005746 0.012273
