0 0.525865 0.902708 0.137419 0.191749
0 0.155978 0.878344 0.064155 0.238512
0 0.532962 0.587344 0.038934 0.141448
0 0.318396 0.551004 0.023122 0.120332
0 0.776854 0.617590 0.032151 0.144374
0 0.112347 0.590631 0.033512 0.078920
0 0.662807 0.418049 0.021769 0.060154
0 0.810759 0.603432 0.025666 0.144614
0 0.643628 0.414768 0.017236 0.054461
0 0.832888 0.397608 0.015320 0.063502
0 0.403148 0.399659 0.012913 0.057493
0 0.527067 0.378296 0.015482 0.052312
0 0.417574 0.360549 0.010885 0.045896
0 0.389673 0.370121 0.010672 0.041822
0 0.488425 0.384917 0.012663 0.061282
0 0.438151 0.401306 0.011327 0.061753
0 0.545192 0.421539 0.012543 0.067432
0 0.824768 0.590961 0.018975 0.140190
0 0.551705 0.413037 0.009012 0.063327
0 0.241731 0.365009 0.010720 0.047367
0 0.815702 0.515971 0.012491 0.034949
0 0.612154 0.326956 0.005569 0.030895
0 0.985017 0.374645 0.010042 0.045573
0 0.731705 0.327360 0.006132 0.027185
0 0.789976 0.330324 0.009021 0.032650
0 0.644696 0.322402 0.006517 0.029967
0 0.716418 0.323022 0.005399 0.026838
0 0.804241 0.330222 0.007567 0.030321
1 0.258046 0.418604 0.005229 0.007489
