0 0.836299 0.474822 0.028082 0.100676
0 0.033677 0.536919 0.029089 0.116295
0 0.068513 0.532998 0.031122 0.107731
0 0.804507 0.500394 0.024010 0.118669
0 0.054632 0.541683 0.023172 0.110074
0 0.762812 0.324756 0.011813 0.045270
0 0.734140 0.328643 0.008821 0.032715
0 0.804332 0.326427 0.012732 0.034471
0 0.717471 0.313235 0.005864 0.025774
0 0.699544 0.316254 0.007358 0.028037
0 0.898114 0.323487 0.006235 0.034607
0 0.902783 0.322332 0.005747 0.028517
0 0.777899 0.319374 0.008035 0.032127
0 0.779092 0.318440 0.011311 0.034402
0 0.885426 0.319143 0.007261 0.028461
1 0.364266 0.957264 0.019826 0.035758
