0 0.476993 0.516688 0.031724 0.113005
0 0.579975 0.487607 0.018472 0.093620
0 0.338379 0.406098 0.017182 0.068465
0 0.513149 0.409293 0.013234 0.064606
0 0.126624 0.445257 0.017477 0.076908
0 0.272446 0.413506 0.013802 0.068838
0 0.719595 0.377919 0.010571 0.053228
0 0.902417 0.362678 0.014501 0.048595
0 0.741386 0.360088 0.010577 0.045146
0 0.588059 0.357652 0.010439 0.045086
0 0.650374 0.359912 0.010153 0.042856
0 0.626997 0.349141 0.010023 0.044298
0 0.565343 0.369333 0.010921 0.048790
0 0.485826 0.350299 0.006817 0.039378
0 0.945331 0.384474 0.011128 0.057837
0 0.818350 0.363925 0.009572 0.051892
0 0.557105 0.366556 0.008038 0.048163
0 0.687632 0.419612 0.018540 0.059166
0 0.694946 0.374423 0.009546 0.044319
0 0.619242 0.344694 0.010620 0.043488
0 0.778580 0.322635 0.006736 0.030992
0 0.757438 0.322157 0.008448 0.029459
1 0.509741 0.555433 0.007560 0.013827
