0 0.737834 0.647797 0.052841 0.167244
0 0.710642 0.489678 0.027730 0.084891
0 0.448449 0.497795 0.021844 0.104708
0 0.528343 0.504893 0.018342 0.094103
0 0.372744 0.446610 0.014595 0.072650
0 0.720276 0.423630 0.024519 0.067866
0 0.624955 0.415381 0.014846 0.061913
0 0.503447 0.389064 0.014380 0.050704
0 0.469806 0.415588 0.010143 0.057150
0 0.313055 0.479970 0.018039 0.089215
0 0.525494 0.405427 0.009358 0.052758
0 0.922688 0.335359 0.008161 0.032974
0 0.810960 0.334581 0.007734 0.035310
0 0.824265 0.323191 0.007273 0.030073
0 0.355329 0.439514 0.015110 0.074426
0 0.857816 0.327465 0.008045 0.034102
0 0.962951 0.324660 0.007223 0.029054
0 0.902010 0.326371 0.007888 0.030606
0 0.787338 0.325768 0.007829 0.029870
0 0.866428 0.334104 0.007270 0.030926
0 0.879424 0.329425 0.005915 0.029044
0 0.872975 0.333890 0.006011 0.019785
