0 0.301044 0.473707 0.023193 0.089298
0 0.332921 0.488739 0.025136 0.099356
0 0.793577 0.474120 0.021407 0.082961
0 0.476452 0.418326 0.019016 0.064078
0 0.912911 0.487113 0.026783 0.094298
0 0.666939 0.531345 0.022493 0.120656
0 0.656521 0.491928 0.018086 0.085267
0 0.436770 0.419511 0.011596 0.073528
0 0.388274 0.476013 0.014744 0.091320
0 0.296164 0.376329 0.013475 0.050996
0 0.466367 0.373051 0.010783 0.046155
0 0.484188 0.376445 0.009707 0.047025
0 0.004094 0.337725 0.008168 0.037510
0 0.067093 0.337212 0.008066 0.030500
0 0.626433 0.393853 0.011988 0.058583
0 0.131123 0.330823 0.006825 0.030769
0 0.075759 0.332565 0.007988 0.037443
0 0.097392 0.329612 0.006846 0.031301
0 0.608522 0.385719 0.009592 0.050154
0 0.590824 0.388396 0.008996 0.058362
0 0.579989 0.385537 0.010415 0.054267
0 0.352219 0.357708 0.007397 0.039194
0 0.620148 0.387298 0.008480 0.059283
0 0.160849 0.332023 0.007786 0.029316
0 0.108070 0.325561 0.007063 0.033539
1 0.638436 0.518904 0.006834 0.014740
