0 0.892257 0.630119 0.046253 0.136664
0 0.471941 0.520218 0.036926 0.098870
0 0.840935 0.569698 0.036031 0.110171
0 0.858510 0.464613 0.021127 0.073295
0 0.794822 0.519501 0.023403 0.096393
0 0.705459 0.470491 0.015264 0.084407
0 0.536949 0.466452 0.013874 0.069784
0 0.772005 0.453952 0.018784 0.063589
0 0.613103 0.392026 0.015621 0.045386
0 0.378180 0.381908 0.011624 0.047275
0 0.343886 0.370762 0.011915 0.039831
0 0.309026 0.387757 0.010667 0.046397
0 0.280301 0.364757 0.009640 0.039606
0 0.701800 0.375594 0.012786 0.041932
0 0.003502 0.537318 0.006934 0.109490
0 0.624837 0.360739 0.011889 0.037349
0 0.357542 0.360178 0.011524 0.027534
0 0.503816 0.355413 0.006309 0.034644
0 0.330707 0.356720 0.013129 0.031654
0 0.396802 0.348624 0.007550 0.031384
0 0.570957 0.388976 0.012436 0.042230
0 0.910781 0.374901 0.009087 0.042292
0 0.543650 0.340326 0.005460 0.029349
0 0.690173 0.340727 0.005905 0.024207
0 0.457089 0.336124 0.004648 0.026063
0 0.221121 0.369879 0.008181 0.040666
0 0.538822 0.339103 0.006215 0.034296
0 0.682993 0.341704 0.005679 0.026984
1 0.501803 0.558539 0.006926 0.013085
