0 0.870856 0.629912 0.038187 0.161601
0 0.532090 0.671368 0.031277 0.175556
0 0.168632 0.611453 0.031123 0.139537
0 0.344221 0.518599 0.024409 0.103820
0 0.800047 0.483563 0.033281 0.098739
0 0.682540 0.559986 0.026308 0.128403
0 0.618489 0.470578 0.014237 0.085903
0 0.593400 0.457643 0.014586 0.078884
0 0.736132 0.456698 0.016982 0.084722
0 0.383890 0.448591 0.015380 0.074014
0 0.176100 0.450751 0.015046 0.074724
0 0.787477 0.468709 0.023231 0.079682
0 0.826208 0.324174 0.010049 0.035822
0 0.912758 0.324690 0.008543 0.037390
0 0.787850 0.322161 0.006671 0.027025
0 0.803700 0.327610 0.008027 0.031631
0 0.747381 0.315573 0.005381 0.022948
0 0.650505 0.324654 0.006457 0.019344
0 0.853929 0.320665 0.005870 0.025671
0 0.844209 0.311969 0.005826 0.017988
1 0.403245 0.546323 0.006514 0.014070
