0 0.260329 0.669250 0.049307 0.151409
0 0.953417 0.521549 0.043912 0.113736
0 0.657671 0.613519 0.057949 0.146037
0 0.473499 0.530116 0.036193 0.107331
0 0.151932 0.543449 0.035134 0.122046
0 0.121833 0.543709 0.028497 0.111941
0 0.232998 0.493912 0.021261 0.097254
0 0.696344 0.436005 0.019334 0.077768
0 0.316830 0.445331 0.018165 0.066877
0 0.547513 0.326609 0.008592 0.027107
0 0.720107 0.311632 0.005687 0.027300
0 0.632383 0.317791 0.005119 0.021196
0 0.601735 0.313062 0.005238 0.021337
0 0.555692 0.312736 0.003859 0.014251
0 0.563470 0.320645 0.005220 0.020794
0 0.804659 0.309109 0.006553 0.027512
0 0.649151 0.309758 0.005949 0.022447
1 0.620726 0.681258 0.012126 0.020931
