0 0.881330 0.713704 0.048283 0.174857
0 0.106969 0.632622 0.056534 0.116899
0 0.098162 0.548918 0.031896 0.120517
0 0.903870 0.546517 0.028061 0.110937
0 0.786361 0.468708 0.021645 0.078392
0 0.955484 0.471079 0.023575 0.077379
0 0.555057 0.532795 0.022502 0.106516
0 0.515500 0.473384 0.013795 0.068866
0 0.750641 0.396567 0.012474 0.049415
0 0.992751 0.556809 0.014097 0.087733
0 0.284094 0.371553 0.008410 0.044148
0 0.567258 0.373579 0.010594 0.044544
0 0.573980 0.396033 0.013764 0.049601
0 0.524618 0.377020 0.007739 0.042097
0 0.852195 0.386650 0.016837 0.043471
0 0.819403 0.379897 0.014923 0.039080
0 0.516744 0.361520 0.008785 0.037072
0 0.543743 0.334754 0.005507 0.023782
0 0.575478 0.361681 0.007032 0.035776
0 0.926425 0.385424 0.013232 0.043812
0 0.961092 0.379249 0.009269 0.036635
0 0.434010 0.336392 0.005121 0.023073
0 0.786945 0.371023 0.011191 0.034235
0 0.412066 0.339918 0.007548 0.025940
0 0.793573 0.370266 0.008301 0.031832
0 0.585276 0.335362 0.005114 0.021787
0 0.515352 0.336750 0.008101 0.020811
1 0.132322 0.697738 0.012714 0.019620
