0 0.857442 0.627653 0.055817 0.165855
0 0.503976 0.612793 0.046086 0.155751
0 0.834951 0.912659 0.088670 0.171733
0 0.938436 0.604280 0.038147 0.171236
0 0.814726 0.492475 0.022539 0.113897
0 0.388956 0.490207 0.033772 0.090578
0 0.644526 0.487650 0.022562 0.104642
0 0.576078 0.575580 0.027417 0.119834
0 0.114078 0.659241 0.074578 0.149317
0 0.604581 0.460654 0.027321 0.088294
0 0.006903 0.557839 0.013788 0.098035
0 0.330325 0.333194 0.008717 0.032995
0 0.244560 0.324966 0.006431 0.028936
0 0.254324 0.329931 0.007331 0.025667
0 0.355490 0.322780 0.006203 0.033604
0 0.302305 0.315168 0.005344 0.024391
0 0.308974 0.315542 0.005584 0.025560
0 0.445347 0.313017 0.006874 0.027594
0 0.204900 0.327775 0.005907 0.028308
0 0.093171 0.629016 0.042382 0.148264
0 0.460745 0.312896 0.005068 0.026919
0 0.083608 0.604451 0.023111 0.098420
0 0.517298 0.309046 0.004792 0.026539
0 0.288187 0.321719 0.005723 0.024864
1 0.462699 0.572350 0.008924 0.014694
