0 0.474174 0.877663 0.109109 0.239530
0 0.249069 0.658069 0.047064 0.156471
0 0.370120 0.565284 0.038410 0.121613
0 0.784628 0.683189 0.030543 0.179582
0 0.123577 0.509108 0.024086 0.094082
0 0.264562 0.513801 0.032072 0.104349
0 0.527346 0.533752 0.020877 0.106964
0 0.302892 0.907506 0.053949 0.181798
0 0.269035 0.436978 0.012838 0.062993
0 0.840496 0.332099 0.007189 0.034421
0 0.019073 0.629017 0.038080 0.088892
0 0.901152 0.322445 0.009921 0.025906
0 0.510080 0.432662 0.013101 0.066928
0 0.926557 0.335821 0.009738 0.033566
0 0.778962 0.324155 0.005398 0.028082
0 0.950720 0.325999 0.008518 0.028966
0 0.940223 0.321700 0.007266 0.025491
1 0.011347 0.729191 0.014622 0.021578
