0 0.372142 0.683407 0.039381 0.133393
0 0.488278 0.576409 0.027319 0.116469
0 0.068830 0.562868 0.031597 0.106283
0 0.350185 0.517475 0.026803 0.087719
0 0.157461 0.514464 0.024580 0.089452
0 0.189073 0.561661 0.027765 0.110843
0 0.327932 0.522847 0.022311 0.087588
0 0.606226 0.526149 0.018210 0.086256
0 0.739093 0.463228 0.016785 0.064132
0 0.925202 0.449844 0.015043 0.062787
0 0.365417 0.465296 0.018301 0.062680
0 0.950706 0.436937 0.011516 0.053090
0 0.843877 0.439881 0.016318 0.054494
0 0.746601 0.427254 0.010838 0.051228
0 0.493705 0.408784 0.008925 0.043284
0 0.815738 0.425222 0.013236 0.045698
0 0.978362 0.972074 0.041468 0.055349
0 0.767562 0.407159 0.011403 0.043702
0 0.332776 0.439639 0.012517 0.054931
0 0.833478 0.427127 0.018650 0.041585
0 0.990045 0.400010 0.012483 0.040547
0 0.056712 0.503236 0.013422 0.053233
0 0.062659 0.489705 0.013375 0.050486
0 0.983001 0.393143 0.007341 0.033214
0 0.805220 0.394096 0.009671 0.031478
0 0.956469 0.387260 0.010215 0.029491
0 0.943964 0.386894 0.007975 0.033114
0 0.578874 0.371863 0.005739 0.026831
1 0.196376 0.487342 0.005478 0.009065
1 0.335625 0.449444 0.010000 0.012222
