0 0.974152 0.788232 0.051270 0.229379
0 0.553851 0.908309 0.052224 0.179917
0 0.405549 0.557820 0.029530 0.112965
0 0.837499 0.490310 0.027671 0.108054
0 0.725476 0.485141 0.022574 0.091729
0 0.577434 0.449120 0.027866 0.076745
0 0.089812 0.460937 0.018577 0.079539
0 0.495510 0.486371 0.024030 0.101815
0 0.339420 0.449199 0.017217 0.072214
0 0.678930 0.430059 0.016714 0.069081
0 0.636067 0.422285 0.012950 0.068658
0 0.619182 0.331565 0.009292 0.032916
0 0.853420 0.323931 0.008348 0.039606
0 0.845447 0.322293 0.007724 0.033458
0 0.859506 0.322831 0.006012 0.025373
1 0.512822 0.453897 0.006813 0.010960
