0 0.596527 0.805982 0.075848 0.184286
0 0.759605 0.562578 0.039769 0.133584
0 0.731281 0.460321 0.021965 0.065588
0 0.306569 0.451430 0.012946 0.072037
0 0.704648 0.971988 0.087294 0.055442
0 0.885387 0.325783 0.006845 0.028617
0 0.995261 0.332420 0.008505 0.030937
0 0.861376 0.329534 0.008230 0.039418
0 0.923872 0.332689 0.008017 0.031190
0 0.932310 0.320997 0.006844 0.030160
0 0.914130 0.329450 0.007584 0.030983
0 0.768277 0.324216 0.007053 0.026714
0 0.964281 0.318043 0.007177 0.023949
0 0.980419 0.327058 0.008686 0.031861
